#       k [h/Mpc]           P_cdm          P_vcdm         P_total
          0.0001     0.000166783     0.000166783     0.000166783
     0.000106333     0.000176978     0.000176978     0.000176978
     0.000113066     0.000187796     0.000187796     0.000187796
     0.000120226     0.000199275     0.000199275     0.000199275
      0.00012784     0.000211454     0.000211454     0.000211454
     0.000135936     0.000224376     0.000224376     0.000224376
     0.000144544     0.000238088     0.000238088     0.000238088
     0.000153697     0.000252635     0.000252635     0.000252635
     0.000163431      0.00026807      0.00026807      0.00026807
      0.00017378     0.000284445     0.000284445     0.000284445
     0.000184785     0.000301819     0.000301819     0.000301819
     0.000196487     0.000320251     0.000320251     0.000320251
      0.00020893     0.000339805     0.000339805     0.000339805
      0.00022216     0.000360548     0.000360548     0.000360548
     0.000236229     0.000382553     0.000382553     0.000382553
     0.000251189     0.000405896     0.000405896     0.000405896
     0.000267096     0.000430655     0.000430655     0.000430655
      0.00028401     0.000456917     0.000456917     0.000456917
     0.000301995      0.00048477      0.00048477      0.00048477
     0.000321119     0.000514309     0.000514309     0.000514309
     0.000341455     0.000545634     0.000545634     0.000545634
     0.000363078      0.00057885      0.00057885      0.00057885
     0.000386071     0.000614069     0.000614069     0.000614069
     0.000410519     0.000651407     0.000651407     0.000651407
     0.000436516     0.000690988     0.000690988     0.000690988
     0.000464159      0.00073294      0.00073294      0.00073294
     0.000493552     0.000777401     0.000777401     0.000777401
     0.000524807     0.000824513     0.000824513     0.000824513
     0.000558042     0.000874425     0.000874425     0.000874425
     0.000593381     0.000927294     0.000927294     0.000927294
     0.000630957     0.000983285     0.000983285     0.000983285
     0.000670914      0.00104257      0.00104257      0.00104257
       0.0007134      0.00110532      0.00110532      0.00110532
     0.000758578      0.00117172      0.00117172      0.00117172
     0.000806616      0.00124197      0.00124197      0.00124197
     0.000857696      0.00131626      0.00131626      0.00131626
     0.000912011       0.0013948       0.0013948       0.0013948
     0.000969765      0.00147779      0.00147779      0.00147779
      0.00103118      0.00156545      0.00156545      0.00156545
      0.00109648      0.00165799      0.00165799      0.00165799
      0.00116591      0.00175563      0.00175563      0.00175563
      0.00123975       0.0018586       0.0018586       0.0018586
      0.00131826      0.00196712      0.00196712      0.00196712
      0.00140174       0.0020814       0.0020814       0.0020814
       0.0014905      0.00220166      0.00220166      0.00220166
      0.00158489      0.00232811      0.00232811      0.00232811
      0.00168526      0.00246095      0.00246095      0.00246095
      0.00179198      0.00260037      0.00260037      0.00260037
      0.00190546      0.00274654      0.00274654      0.00274654
      0.00202613      0.00289962      0.00289962      0.00289962
      0.00215443      0.00305974      0.00305974      0.00305974
      0.00229087      0.00322702      0.00322702      0.00322702
      0.00243594      0.00340152      0.00340152      0.00340152
       0.0025902      0.00358328      0.00358328      0.00358328
      0.00275423      0.00377232      0.00377232      0.00377232
      0.00292864      0.00396857      0.00396857      0.00396857
      0.00311411      0.00417196      0.00417196      0.00417196
      0.00331131      0.00438231      0.00438231      0.00438231
      0.00352101      0.00459941      0.00459941      0.00459941
      0.00374398      0.00482299      0.00482299      0.00482299
      0.00398107      0.00505266      0.00505266      0.00505266
      0.00423318      0.00528801      0.00528801      0.00528801
      0.00450125       0.0055285       0.0055285       0.0055285
       0.0047863       0.0057735       0.0057735       0.0057735
       0.0050894      0.00602232      0.00602232      0.00602232
       0.0054117      0.00627412      0.00627412      0.00627412
       0.0057544      0.00652799      0.00652799      0.00652799
      0.00611881       0.0067829       0.0067829       0.0067829
      0.00650629      0.00703768      0.00703768      0.00703768
      0.00691831      0.00729106      0.00729106      0.00729106
      0.00735642      0.00754167      0.00754167      0.00754167
      0.00782228      0.00778795      0.00778795      0.00778795
      0.00831764      0.00802828      0.00802828      0.00802828
      0.00884437      0.00826084      0.00826084      0.00826084
      0.00940445      0.00848371      0.00848371      0.00848371
            0.01      0.00869482      0.00869482      0.00869482
       0.0106333      0.00889194      0.00889194      0.00889194
       0.0113066      0.00907271      0.00907271      0.00907271
       0.0120226       0.0092346       0.0092346       0.0092346
        0.012784      0.00937497      0.00937497      0.00937497
       0.0135936      0.00949102      0.00949102      0.00949102
       0.0144544      0.00957987      0.00957987      0.00957987
       0.0153697      0.00963854      0.00963854      0.00963854
       0.0163431       0.0096641       0.0096641       0.0096641
        0.017378      0.00965367      0.00965367      0.00965367
       0.0184785      0.00960463      0.00960463      0.00960463
       0.0196487      0.00951479      0.00951479      0.00951479
        0.020893      0.00938256      0.00938256      0.00938256
        0.022216      0.00920732      0.00920732      0.00920732
       0.0236229      0.00898961      0.00898961      0.00898961
       0.0251189      0.00873143      0.00873143      0.00873143
       0.0267096      0.00843643      0.00843643      0.00843643
        0.028401      0.00810995      0.00810995      0.00810995
       0.0301995      0.00775884      0.00775884      0.00775884
       0.0321119      0.00739118      0.00739118      0.00739118
       0.0341455      0.00701571      0.00701571      0.00701571
       0.0363078      0.00664121      0.00664121      0.00664121
       0.0386071      0.00627588      0.00627588      0.00627588
       0.0410519      0.00592683      0.00592683      0.00592683
       0.0436516      0.00559979      0.00559979      0.00559979
       0.0464159      0.00529885      0.00529885      0.00529885
       0.0493552      0.00502641      0.00502641      0.00502641
       0.0524807      0.00478289      0.00478289      0.00478289
       0.0558042      0.00456628      0.00456628      0.00456628
       0.0593381      0.00437145      0.00437145      0.00437145
       0.0630957      0.00418951      0.00418951      0.00418951
       0.0670914      0.00400775      0.00400775      0.00400775
         0.07134       0.0038109       0.0038109       0.0038109
       0.0758578       0.0035846       0.0035846       0.0035846
       0.0806616      0.00332063      0.00332063      0.00332063
       0.0857696      0.00302253      0.00302253      0.00302253
       0.0912011      0.00270819      0.00270819      0.00270819
       0.0969765      0.00240634      0.00240634      0.00240634
        0.103118      0.00214687      0.00214687      0.00214687
        0.109648      0.00194862      0.00194862      0.00194862
        0.116591      0.00181002      0.00181002      0.00181002
        0.123975      0.00170696      0.00170696      0.00170696
        0.131826      0.00160148      0.00160148      0.00160148
        0.140174      0.00146322      0.00146322      0.00146322
         0.14905      0.00129299      0.00129299      0.00129299
        0.158489      0.00112435      0.00112435      0.00112435
        0.168526     0.000994583     0.000994583     0.000994583
        0.179198     0.000911073     0.000911073     0.000911073
        0.190546     0.000845123     0.000845123     0.000845123
        0.202613     0.000762625     0.000762625     0.000762625
        0.215443     0.000664943     0.000664943     0.000664943
        0.229087     0.000582869     0.000582869     0.000582869
        0.243594     0.000527787     0.000527787     0.000527787
         0.25902     0.000477614     0.000477614     0.000477614
        0.275423     0.000419122     0.000419122     0.000419122
        0.292864     0.000368206     0.000368206     0.000368206
        0.311411     0.000330276     0.000330276     0.000330276
        0.331131     0.000292301     0.000292301     0.000292301
        0.352101     0.000256397     0.000256397     0.000256397
        0.374398     0.000227674     0.000227674     0.000227674
        0.398107     0.000200392     0.000200392     0.000200392
        0.423318     0.000176287     0.000176287     0.000176287
        0.450125     0.000155343     0.000155343     0.000155343
         0.47863     0.000136297     0.000136297     0.000136297
         0.50894     0.000119764     0.000119764     0.000119764
         0.54117     0.000104953     0.000104953     0.000104953
         0.57544      9.1976e-05      9.1976e-05      9.1976e-05
        0.611881     8.04876e-05     8.04876e-05     8.04876e-05
        0.650629     7.03762e-05     7.03762e-05     7.03762e-05
        0.691831     6.14862e-05     6.14862e-05     6.14862e-05
        0.735642     5.36647e-05     5.36647e-05     5.36647e-05
        0.782228      4.6799e-05      4.6799e-05      4.6799e-05
        0.831764     4.07792e-05     4.07792e-05     4.07792e-05
        0.884437     3.55045e-05     3.55045e-05     3.55045e-05
        0.940445      3.0887e-05      3.0887e-05      3.0887e-05
               1     2.68489e-05     2.68489e-05     2.68489e-05
         1.06333     2.33208e-05     2.33208e-05     2.33208e-05
         1.13066     2.02412e-05     2.02412e-05     2.02412e-05
         1.20226     1.75553e-05     1.75553e-05     1.75553e-05
          1.2784      1.5215e-05      1.5215e-05      1.5215e-05
         1.35936     1.31777e-05     1.31777e-05     1.31777e-05
         1.44544     1.14051e-05     1.14051e-05     1.14051e-05
         1.53697     9.86447e-06     9.86447e-06     9.86447e-06
         1.63431     8.52629e-06     8.52629e-06     8.52629e-06
          1.7378     7.36496e-06     7.36496e-06     7.36496e-06
         1.84785      6.3578e-06      6.3578e-06      6.3578e-06
         1.96487     5.48498e-06     5.48498e-06     5.48498e-06
          2.0893     4.72916e-06     4.72916e-06     4.72916e-06
          2.2216     4.07509e-06     4.07509e-06     4.07509e-06
         2.36229     3.50945e-06     3.50945e-06     3.50945e-06
         2.51189     3.02063e-06     3.02063e-06     3.02063e-06
         2.67096     2.59847e-06     2.59847e-06     2.59847e-06
          2.8401      2.2341e-06      2.2341e-06      2.2341e-06
         3.01995     1.91982e-06     1.91982e-06     1.91982e-06
         3.21119      1.6489e-06      1.6489e-06      1.6489e-06
         3.41455      1.4155e-06      1.4155e-06      1.4155e-06
         3.63078     1.21454e-06     1.21454e-06     1.21454e-06
         3.86071      1.0416e-06      1.0416e-06      1.0416e-06
         4.10519     8.92877e-07     8.92877e-07     8.92877e-07
         4.36516     7.65034e-07     7.65034e-07     7.65034e-07
         4.64159     6.55201e-07     6.55201e-07     6.55201e-07
         4.93552      5.6089e-07      5.6089e-07      5.6089e-07
         5.24807     4.79948e-07     4.79948e-07     4.79948e-07
         5.58042     4.10515e-07     4.10515e-07     4.10515e-07
         5.93381     3.50983e-07     3.50983e-07     3.50983e-07
         6.30957     2.99963e-07     2.99963e-07     2.99963e-07
         6.70914      2.5626e-07      2.5626e-07      2.5626e-07
           7.134      2.1884e-07      2.1884e-07      2.1884e-07
         7.58578     1.86815e-07     1.86815e-07     1.86815e-07
         8.06616     1.59417e-07     1.59417e-07     1.59417e-07
         8.57696     1.35989e-07     1.35989e-07     1.35989e-07
         9.12011     1.15964e-07     1.15964e-07     1.15964e-07
         9.69765     9.88535e-08     9.88535e-08     9.88535e-08
         10.3118     8.42395e-08     8.42395e-08     8.42395e-08
         10.9648     7.17625e-08     7.17625e-08     7.17625e-08
         11.6591      6.1114e-08      6.1114e-08      6.1114e-08
         12.3975     5.20293e-08     5.20293e-08     5.20293e-08
         13.1826     4.42815e-08     4.42815e-08     4.42815e-08
         14.0174     3.76762e-08     3.76762e-08     3.76762e-08
          14.905     3.20468e-08     3.20468e-08     3.20468e-08
         15.8489     2.72507e-08     2.72507e-08     2.72507e-08
         16.8526     2.31659e-08     2.31659e-08     2.31659e-08
         17.9198     1.96879e-08     1.96879e-08     1.96879e-08
         19.0546     1.67277e-08     1.67277e-08     1.67277e-08
         20.2613     1.42088e-08     1.42088e-08     1.42088e-08
         21.5443     1.20661e-08     1.20661e-08     1.20661e-08
         22.9087     1.02439e-08     1.02439e-08     1.02439e-08
         24.3594     8.69477e-09     8.69477e-09     8.69477e-09
          25.902     7.37812e-09     7.37812e-09     7.37812e-09
         27.5423     6.25936e-09     6.25936e-09     6.25936e-09
         29.2864     5.30902e-09     5.30902e-09     5.30902e-09
         31.1411     4.50193e-09     4.50193e-09     4.50193e-09
         33.1131     3.81669e-09     3.81669e-09     3.81669e-09
         35.2101     3.23505e-09     3.23505e-09     3.23505e-09
         37.4398     2.74145e-09     2.74145e-09     2.74145e-09
         39.8107     2.32268e-09     2.32268e-09     2.32268e-09
         42.3318     1.96748e-09     1.96748e-09     1.96748e-09
         45.0125     1.66626e-09     1.66626e-09     1.66626e-09
          47.863     1.41087e-09     1.41087e-09     1.41087e-09
          50.894      1.1944e-09      1.1944e-09      1.1944e-09
          54.117     1.01095e-09     1.01095e-09     1.01095e-09
          57.544     8.55511e-10     8.55511e-10     8.55511e-10
         61.1881     7.23841e-10     7.23841e-10     7.23841e-10
         65.0629     6.12326e-10     6.12326e-10     6.12326e-10
         69.1831     5.17899e-10     5.17899e-10     5.17899e-10
         73.5642     4.37958e-10     4.37958e-10     4.37958e-10
         78.2228     3.70293e-10     3.70293e-10     3.70293e-10
         83.1764      3.1303e-10      3.1303e-10      3.1303e-10
         88.4437     2.64578e-10     2.64578e-10     2.64578e-10
         94.0445      2.2359e-10      2.2359e-10      2.2359e-10
             100     1.88922e-10     1.88922e-10     1.88922e-10
         106.333     1.59604e-10     1.59604e-10     1.59604e-10
         113.066     1.34815e-10     1.34815e-10     1.34815e-10
         120.226     1.13859e-10     1.13859e-10     1.13859e-10
          127.84     9.61466e-11     9.61466e-11     9.61466e-11
         135.936     8.11776e-11     8.11776e-11     8.11776e-11
         144.544     6.85292e-11     6.85292e-11     6.85292e-11
         153.697     5.78434e-11     5.78434e-11     5.78434e-11
         163.431     4.88171e-11     4.88171e-11     4.88171e-11
          173.78     4.11938e-11     4.11938e-11     4.11938e-11
         184.785     3.47562e-11     3.47562e-11     3.47562e-11
         196.487     2.93208e-11     2.93208e-11     2.93208e-11
          208.93     2.47322e-11     2.47322e-11     2.47322e-11
          222.16      2.0859e-11      2.0859e-11      2.0859e-11
         236.229     1.75902e-11     1.75902e-11     1.75902e-11
         251.189     1.48318e-11     1.48318e-11     1.48318e-11
         267.096     1.25044e-11     1.25044e-11     1.25044e-11
          284.01      1.0541e-11      1.0541e-11      1.0541e-11
         301.995     8.88482e-12     8.88482e-12     8.88482e-12
         321.119     7.48798e-12     7.48798e-12     7.48798e-12
         341.455     6.31002e-12     6.31002e-12     6.31002e-12
         363.078     5.31677e-12     5.31677e-12     5.31677e-12
         386.071     4.47936e-12     4.47936e-12     4.47936e-12
         410.519     3.77344e-12     3.77344e-12     3.77344e-12
         436.516     3.17842e-12     3.17842e-12     3.17842e-12
         464.159     2.67695e-12     2.67695e-12     2.67695e-12
         493.552     2.25435e-12     2.25435e-12     2.25435e-12
         524.807     1.89828e-12     1.89828e-12     1.89828e-12
         558.042     1.59828e-12     1.59828e-12     1.59828e-12
         593.381     1.34556e-12     1.34556e-12     1.34556e-12
         630.957     1.13268e-12     1.13268e-12     1.13268e-12
         670.914     9.53393e-13     9.53393e-13     9.53393e-13
           713.4     8.02406e-13     8.02406e-13     8.02406e-13
         758.578     6.75266e-13     6.75266e-13     6.75266e-13
         806.616     5.68218e-13     5.68218e-13     5.68218e-13
         857.696     4.78095e-13     4.78095e-13     4.78095e-13
         912.011      4.0223e-13      4.0223e-13      4.0223e-13
         969.765     3.38373e-13     3.38373e-13     3.38373e-13
         1031.18     2.84628e-13     2.84628e-13     2.84628e-13
         1096.48     2.39399e-13     2.39399e-13     2.39399e-13
         1165.91      2.0134e-13      2.0134e-13      2.0134e-13
         1239.75     1.69316e-13     1.69316e-13     1.69316e-13
         1318.26     1.42374e-13     1.42374e-13     1.42374e-13
         1401.74      1.1971e-13      1.1971e-13      1.1971e-13
          1490.5     1.00645e-13     1.00645e-13     1.00645e-13
         1584.89     8.46089e-14     8.46089e-14     8.46089e-14
         1685.26     7.11226e-14     7.11226e-14     7.11226e-14
         1791.98     5.97811e-14     5.97811e-14     5.97811e-14
         1905.46     5.02443e-14     5.02443e-14     5.02443e-14
         2026.13     4.22257e-14     4.22257e-14     4.22257e-14
         2154.43      3.5484e-14      3.5484e-14      3.5484e-14
         2290.87     2.98165e-14     2.98165e-14     2.98165e-14
         2435.94     2.50523e-14     2.50523e-14     2.50523e-14
          2590.2     2.10478e-14     2.10478e-14     2.10478e-14
         2754.23     1.76822e-14     1.76822e-14     1.76822e-14
         2928.64     1.48536e-14     1.48536e-14     1.48536e-14
         3114.11     1.24767e-14     1.24767e-14     1.24767e-14
         3311.31     1.04793e-14     1.04793e-14     1.04793e-14
         3521.01     8.80115e-15     8.80115e-15     8.80115e-15
         3743.98     7.39121e-15     7.39121e-15     7.39121e-15
         3981.07     6.20672e-15     6.20672e-15     6.20672e-15
         4233.18      5.2117e-15      5.2117e-15      5.2117e-15
         4501.25     4.37591e-15     4.37591e-15     4.37591e-15
          4786.3     3.67391e-15     3.67391e-15     3.67391e-15
          5089.4     3.08433e-15     3.08433e-15     3.08433e-15
          5411.7      2.5892e-15      2.5892e-15      2.5892e-15
          5754.4     2.17342e-15     2.17342e-15     2.17342e-15
         6118.81     1.82429e-15     1.82429e-15     1.82429e-15
         6506.29     1.53115e-15     1.53115e-15     1.53115e-15
         6918.31     1.28503e-15     1.28503e-15     1.28503e-15
         7356.42     1.07841e-15     1.07841e-15     1.07841e-15
         7822.28      9.0496e-16      9.0496e-16      9.0496e-16
         8317.64     7.59362e-16     7.59362e-16     7.59362e-16
         8844.37     6.37151e-16     6.37151e-16     6.37151e-16
         9404.45     5.34578e-16     5.34578e-16     5.34578e-16
