0.000754654 0.10606 0.904143
0.000830119 0.120866 0.900011
0.000913131 0.138507 0.894906
0.00100444 0.159428 0.889275
0.00110489 0.184155 0.883432
0.00121538 0.213312 0.877593
0.00133692 0.247586 0.871963
0.00147061 0.287915 0.866544
0.00161767 0.335248 0.861471
0.00177943 0.390724 0.856803
0.00195738 0.45565 0.852588
0.00215312 0.531526 0.848856
0.00236843 0.620086 0.845623
0.00260527 0.723342 0.842884
0.0028658 0.843567 0.840644
0.00315238 0.983313 0.838912
0.00346761 1.14545 0.837692
0.00381437 1.33324 0.836981
0.00419581 1.55039 0.836759
0.00461539 1.80127 0.836991
0.00507693 2.09076 0.837644
0.00558463 2.4245 0.838683
0.00614309 2.80891 0.840072
0.0067574 3.25132 0.841774
0.00743314 3.76008 0.843758
0.00817645 4.34461 0.845995
0.0089941 5.0157 0.848453
0.00989351 5.78567 0.851103
0.0108829 6.66862 0.853914
0.0119711 7.6807 0.856857
0.0131683 8.8404 0.859905
0.0144851 10.1687 0.863036
0.0159336 11.6895 0.866227
0.0175269 13.4301 0.869463
0.0192796 15.4215 0.872725
0.0212076 17.699 0.876001
0.0233284 20.3028 0.879276
0.0256612 23.2788 0.88254
0.0282273 26.6789 0.885783
0.0310501 30.562 0.888997
0.0341551 34.9946 0.892176
0.0375706 40.0524 0.895314
0.0413276 45.8212 0.898407
0.0454604 52.398 0.901449
0.0500064 59.8928 0.904437
0.0550071 68.4304 0.907367
0.0605078 78.1513 0.910236
0.0665586 89.2139 0.913042
0.0732144 101.797 0.915784
0.0805359 116.101 0.91846
0.0885894 132.354 0.92107
0.0974484 150.81 0.923613
0.107193 171.754 0.926089
0.117913 195.506 0.928498
0.129704 222.426 0.93084
0.142674 252.912 0.933115
0.156942 287.414 0.935323
0.172636 326.43 0.937466
0.189899 370.513 0.939544
0.208889 420.281 0.941558
0.229778 476.417 0.943509
0.252756 539.678 0.945398
0.278032 610.899 0.947225
0.305835 691.005 0.948992
0.336418 781.009 0.950701
0.37006 882.028 0.952352
0.407066 995.282 0.953946
0.447773 1122.11 0.955485
0.49255 1263.97 0.956971
0.541805 1422.46 0.958403
0.595985 1599.3 0.959785
0.655584 1796.37 0.961117
0.721142 2015.7 0.9624
