0.0078740157          1
0.0769230769          1 
0.0833333333          1 
0.0909090909          1 
0.1000000000          1 
0.1111111111          1 
0.1250000000          1 
0.1428571429          1 
0.1666666667          1 
0.2000000000          1 
0.2500000000          1 
0.3333333333          1 
0.4000000000          1 
0.5000000000          1 
0.5882352941          1 
0.6666666667          1 
0.7142857143          1 
0.7692307692          1 
0.8333333333          1 
0.9090909091          1 
1.0000000000          1 
