0.000754654 8.47962 0 8.47962
0.000769747 8.93288 0.000394086 7.51342
0.000785142 9.17138 0.000566044 7.14491
0.000800845 9.37966 0.000705666 6.86862
0.000816861 9.57185 0.000826363 6.64933
0.000833199 9.75723 0.000939048 6.45643
0.000849863 9.93815 0.0010463 6.28272
0.00086686 10.1154 0.00114794 6.12945
0.000884197 10.2909 0.0012467 5.98869
0.000901881 10.4662 0.00134529 5.85205
0.000919919 10.6405 0.00144084 5.72906
0.000938317 10.8141 0.00153331 5.62045
0.000957083 10.9892 0.00162829 5.50792
0.000976225 11.1649 0.00172295 5.40094
0.00099575 11.3414 0.00181728 5.29985
0.00101566 11.5188 0.00191125 5.20494
0.00103598 11.6975 0.00200489 5.11651
0.0010567 11.8779 0.002101 5.02488
0.00107783 12.0598 0.00219679 4.94014
0.00109939 12.2435 0.00229228 4.86258
0.00112138 12.4291 0.00239029 4.78216
0.0011438 12.6166 0.00249084 4.6989
0.00116668 12.8061 0.00259114 4.62322
0.00119001 12.9979 0.00269122 4.55535
0.00121381 13.192 0.00279393 4.48504
0.00123809 13.3882 0.00289932 4.41227
0.00126285 13.5873 0.0030046 4.34781
0.00128811 13.7886 0.00311261 4.28104
0.00131387 13.9932 0.00322356 4.21246
0.00134015 14.2015 0.00333466 4.15305
0.00136695 14.4109 0.0034513 4.08002
0.00139429 14.6241 0.00356517 4.0267
0.00142218 14.839 0.00368483 3.96024
0.00145062 15.0574 0.00380468 3.90283
0.00147963 15.2786 0.00392762 3.84349
0.00150922 15.5037 0.00405087 3.79353
0.00153941 15.7305 0.00418013 3.73036
0.0015702 15.9613 0.00430982 3.67669
0.0016016 16.1952 0.00444283 3.62125
0.00163363 16.432 0.00457922 3.56404
0.00166631 16.6733 0.00471625 3.5167
0.00169963 16.9179 0.00485681 3.46776
0.00173362 17.1657 0.00500097 3.4172
0.0017683 17.4169 0.00514881 3.36507
0.00180366 17.6714 0.0053004 3.31136
0.00183974 17.931 0.00545301 3.268
0.00187653 18.1925 0.00561235 3.21126
0.00191406 18.4592 0.00577289 3.165
0.00195234 18.7296 0.00593751 3.11734
0.00199139 19.0039 0.00610635 3.06835
0.00203122 19.2839 0.00627667 3.03015
0.00207184 19.5659 0.0064542 2.97855
0.00211328 19.8539 0.00663339 2.93785
0.00215554 20.1459 0.00681716 2.89594
0.00219865 20.442 0.00700561 2.85281
0.00224263 20.7426 0.00719895 2.80861
0.00228748 21.0476 0.00739725 2.76333
0.00233323 21.3592 0.00759779 2.72938
0.00237989 21.6731 0.00780632 2.68194
0.00242749 21.9937 0.00801728 2.64587
0.00247604 22.3188 0.00823359 2.60875
0.00252556 22.6488 0.00845549 2.57072
0.00257607 22.9836 0.00868309 2.53172
0.0026276 23.3233 0.00891651 2.49179
0.00268015 23.668 0.00915588 2.45092
0.00273375 24.0175 0.00940127 2.40908
0.00278843 24.3742 0.00964996 2.37901
0.00284419 24.7333 0.00990774 2.33517
0.00290108 25.1001 0.0101692 2.30327
0.0029591 25.4721 0.0104372 2.27051
0.00301828 25.8493 0.0107121 2.23692
0.00307865 26.2321 0.010994 2.20255
0.00314022 26.6201 0.011283 2.16737
0.00320302 27.0133 0.0115791 2.13127
0.00326708 27.4148 0.0118799 2.10742
0.00333243 27.8191 0.0121911 2.06975
0.00339907 28.2291 0.0125101 2.03139
0.00346706 28.6482 0.0128345 2.00549
0.0035364 29.0732 0.0131672 1.97895
0.00360713 29.5012 0.013511 1.93859
0.00367927 29.9382 0.0138607 1.9107
0.00375285 30.3814 0.0142193 1.88223
0.00382791 30.8309 0.0145869 1.85316
0.00390447 31.2873 0.014964 1.82365
0.00398256 31.7502 0.0153507 1.79358
0.00406221 32.2197 0.0157472 1.76299
0.00414345 32.699 0.0161509 1.74517
0.00422632 33.1821 0.0165678 1.71358
0.00431085 33.6721 0.0169952 1.68152
0.00439707 34.1726 0.0174308 1.6624
0.00448501 34.6772 0.0178803 1.62951
0.00457471 35.1922 0.0183384 1.60958
0.0046662 35.7147 0.0188081 1.58927
0.00475953 36.2415 0.0192927 1.55514
0.00485472 36.7791 0.0197867 1.53408
0.00495181 37.3246 0.0202934 1.51271
0.00505085 37.8781 0.0208131 1.49102
0.00515186 38.4396 0.021346 1.46903
0.0052549 39.0059 0.0218953 1.43319
0.00536 39.5837 0.0224557 1.41055
0.0054672 40.1732 0.0230275 1.4012
0.00557654 40.7679 0.0236168 1.378
0.00568807 41.3712 0.0242212 1.35457
0.00580184 41.9834 0.024841 1.33091
0.00591787 42.6044 0.0254766 1.30698
0.00603623 43.2343 0.0261283 1.28284
0.00615695 43.8768 0.0267937 1.27209
0.00628009 44.5249 0.0274789 1.24746
0.00640569 45.1824 0.0281816 1.22265
0.00653381 45.8528 0.0288992 1.21129
0.00666448 46.5294 0.029638 1.18606
0.00679777 47.2192 0.0303927 1.17435
0.00693373 47.9153 0.0311693 1.14877
0.0070724 48.6248 0.0319628 1.1367
0.00721385 49.3407 0.0327791 1.11072
0.00735813 50.0703 0.0336132 1.09829
0.00750529 50.8102 0.0344685 1.08571
0.0076554 51.5572 0.0353483 1.05929
0.00780851 52.3184 0.0362477 1.04646
0.00796468 53.0904 0.0371697 1.03346
0.00812397 53.8731 0.038115 1.02038
0.00828645 54.6634 0.039087 0.993387
0.00845218 55.4684 0.0400808 0.980014
0.00862122 56.2848 0.0410996 0.96656
0.00879365 57.113 0.0421445 0.953036
0.00896952 57.953 0.0432158 0.939438
0.00914891 58.8047 0.0443141 0.925751
0.00933189 59.6685 0.0454401 0.911976
0.00951853 60.5445 0.0465947 0.898125
0.0097089 61.433 0.0477784 0.884218
0.00990307 62.3342 0.0489922 0.870255
0.0101011 63.2482 0.0502368 0.856254
0.0103032 64.1752 0.0515128 0.842232
0.0105092 65.1154 0.052821 0.82814
0.0107194 66.0688 0.0541623 0.814006
0.0109338 67.0358 0.0555375 0.799835
0.0111525 68.0164 0.0569473 0.78566
0.0113755 69.0111 0.0583929 0.771445
0.011603 70.0199 0.059875 0.757254
0.0118351 71.0467 0.0613917 0.756904
0.0120718 72.0842 0.0629495 0.742618
0.0123132 73.1364 0.0645465 0.728369
0.0125595 74.2033 0.0661836 0.714076
0.0128107 75.2853 0.067862 0.699814
0.0130669 76.3864 0.06958 0.699413
0.0133282 77.4993 0.071344 0.685147
0.0135948 78.6278 0.0731524 0.670856
0.0138667 79.7722 0.0750061 0.656626
0.014144 80.9361 0.0769033 0.656231
0.0144269 82.1126 0.0788512 0.641934
0.0147154 83.3058 0.0808479 0.627704
0.0150098 84.5193 0.0828918 0.627381
0.01531 85.746 0.0849898 0.613102
0.0156162 86.9898 0.0871403 0.598901
0.0159285 88.2546 0.0893416 0.598609
0.016247 89.5333 0.091601 0.584395
0.016572 90.8298 0.0939167 0.570236
0.0169034 92.1482 0.0962876 0.569991
0.0172415 93.4811 0.0987206 0.555869
0.0175863 94.8362 0.101211 0.555726
0.017938 96.2063 0.103767 0.541598
0.0182968 97.5956 0.106387 0.527579
0.0186627 99.0079 0.109069 0.527487
0.019036 100.436 0.11182 0.51351
0.0194167 101.888 0.114638 0.513477
0.0198051 103.356 0.117528 0.499567
0.0202012 104.844 0.12049 0.485735
0.0206052 106.356 0.123524 0.485781
0.0210173 107.886 0.126635 0.472044
0.0214376 109.441 0.129821 0.472192
0.0218664 111.014 0.133089 0.458528
0.0223037 112.611 0.136435 0.458762
0.0227498 114.227 0.139867 0.445166
0.0232048 115.869 0.143382 0.445564
0.0236689 117.53 0.146986 0.432067
0.0241423 119.218 0.150677 0.432542
0.0246251 120.925 0.154462 0.419139
0.0251176 122.659 0.158337 0.419709
0.0256199 124.413 0.162311 0.406387
0.0261323 126.194 0.16638 0.407083
0.026655 127.997 0.170553 0.393868
0.0271881 129.827 0.174825 0.394631
0.0277319 131.679 0.179206 0.38156
0.0282865 133.56 0.183692 0.382447
0.0288522 135.462 0.188291 0.369483
0.0294293 137.394 0.192999 0.370423
0.0300179 139.348 0.197826 0.357567
0.0306182 141.332 0.202769 0.358644
0.0312306 143.34 0.207836 0.345912
0.0318552 145.378 0.213024 0.347121
0.0324923 147.44 0.218343 0.334528
0.0331421 149.534 0.223788 0.335795
0.033805 151.652 0.229369 0.32333
0.0344811 153.802 0.235084 0.324728
0.0351707 155.981 0.240939 0.326286
0.0358741 158.186 0.24694 0.31387
0.0365916 160.424 0.253085 0.315552
0.0373234 162.689 0.259382 0.303339
0.0380699 164.987 0.26583 0.305143
0.0388313 167.313 0.272438 0.293093
0.0396079 169.673 0.279204 0.294965
0.0404001 172.062 0.286138 0.283123
0.0412081 174.486 0.293238 0.285121
0.0420322 176.94 0.300514 0.273421
0.0428729 179.429 0.307963 0.275595
0.0437303 181.948 0.315597 0.264089
0.044605 184.505 0.323413 0.266329
0.0454971 187.095 0.331418 0.268873
0.046407 189.717 0.339621 0.257405
0.0473351 192.377 0.34802 0.260114
0.0482818 195.068 0.356625 0.248829
0.0492475 197.799 0.365435 0.251633
0.0502324 200.563 0.374461 0.240544
0.0512371 203.367 0.383703 0.243493
0.0522618 206.204 0.393171 0.232635
0.053307 209.083 0.402864 0.235744
0.0543732 211.996 0.412794 0.224992
0.0554607 214.95 0.422959 0.228288
0.0565699 217.941 0.433373 0.217709
0.0577013 220.974 0.444034 0.221109
0.0588553 224.044 0.454955 0.210789
0.0600324 227.157 0.466136 0.214319
0.061233 230.307 0.477586 0.204183
0.0624577 233.503 0.48931 0.20796
0.0637069 236.736 0.501316 0.197886
0.064981 240.016 0.513607 0.201852
0.0662806 243.335 0.526197 0.192038
0.0676062 246.7 0.539083 0.196057
0.0689583 250.106 0.552282 0.186405
0.0703375 253.559 0.565791 0.190733
0.0717443 257.054 0.579626 0.181226
0.0731792 260.598 0.593789 0.185729
0.0746427 264.183 0.608291 0.176383
0.0761356 267.82 0.623137 0.181112
0.0776583 271.499 0.638338 0.171883
0.0792115 275.229 0.653896 0.176849
0.0807957 279.005 0.669829 0.167759
0.0824116 282.828 0.686138 0.15912
0.0840598 286.704 0.702831 0.164077
0.085741 290.627 0.719925 0.155489
0.0874559 294.603 0.737417 0.160696
0.089205 298.626 0.755328 0.152294
0.0909891 302.705 0.773659 0.157816
0.0928089 306.831 0.792424 0.149392
0.094665 311.015 0.811632 0.155309
0.0965583 315.248 0.831294 0.146986
0.0984895 319.534 0.851418 0.139153
0.100459 323.879 0.872015 0.145001
0.102468 328.275 0.893097 0.137218
0.104518 332.73 0.914672 0.143439
0.106608 337.238 0.936757 0.135734
0.10874 341.802 0.959358 0.128351
0.110915 346.428 0.982487 0.134805
0.113133 351.109 1.00616 0.127503
0.115396 355.851 1.03038 0.134221
0.117704 360.649 1.05518 0.126933
0.120058 365.508 1.08055 0.119958
0.122459 370.43 1.10651 0.127041
0.124909 375.41 1.13307 0.120093
0.127407 380.453 1.16026 0.113453
0.129955 385.561 1.18807 0.120722
0.132554 390.729 1.21654 0.114108
0.135205 395.961 1.24566 0.107767
0.137909 401.261 1.27546 0.115306
0.140667 406.623 1.30595 0.108946
0.143481 412.052 1.33714 0.103056
0.14635 417.549 1.36906 0.110772
0.149277 423.112 1.40171 0.104863
0.152263 428.742 1.43512 0.0990257
0.155308 434.444 1.46929 0.107313
0.158414 440.212 1.50425 0.101642
0.161582 446.051 1.54002 0.0960494
0.164814 451.961 1.5766 0.0908989
0.16811 457.945 1.61403 0.0993688
0.171473 463.999 1.65231 0.0939347
0.174902 470.126 1.69147 0.0889712
0.1784 476.326 1.73153 0.0842496
0.181968 482.604 1.7725 0.093046
0.185607 488.954 1.8144 0.0882531
0.18932 495.38 1.85727 0.0834249
0.193106 501.883 1.9011 0.079081
0.196968 508.467 1.94594 0.0883
0.200907 515.125 1.99179 0.0838639
0.204926 521.863 2.03868 0.0796574
0.209024 528.68 2.08664 0.0756167
0.213205 535.578 2.13568 0.0717925
0.217469 542.56 2.18583 0.0813773
0.221818 549.621 2.23712 0.0774525
0.226254 556.765 2.28956 0.073699
0.23078 563.993 2.34318 0.0701163
0.235395 571.305 2.39801 0.0667178
0.240103 578.705 2.45407 0.0772981
0.244905 586.188 2.51139 0.0738105
0.249803 593.757 2.57 0.0705149
0.254799 601.414 2.62992 0.0673312
0.259895 609.16 2.69118 0.0642948
0.265093 616.994 2.7538 0.061406
0.270395 624.918 2.81783 0.0590079
0.275803 632.933 2.88328 0.056396
0.281319 641.043 2.95018 0.0675296
0.286945 649.242 3.01858 0.0648563
0.292684 657.533 3.08849 0.0622991
0.298538 665.918 3.15995 0.059854
0.304509 674.399 3.233 0.0579623
0.310599 682.974 3.30765 0.0557577
0.316811 691.646 3.38396 0.0540768
0.323147 700.414 3.46195 0.052089
0.32961 709.281 3.54165 0.0506386
0.336202 718.247 3.62312 0.0488548
0.342926 727.312 3.70637 0.0476079
0.349785 736.477 3.79144 0.0459903
0.356781 745.743 3.87837 0.0449469
0.363916 755.11 3.9672 0.043496
0.371194 764.582 4.05798 0.0426381
0.378618 774.158 4.15075 0.0418622
0.386191 783.837 4.24552 0.0406519
0.393915 793.62 4.34236 0.0400475
0.401793 803.51 4.44129 0.0395168
0.409829 813.507 4.54238 0.0385212
0.418025 823.612 4.64565 0.0381731
0.426386 833.825 4.75116 0.0379005
0.434913 844.148 4.85894 0.0377034
0.443612 854.58 4.96905 0.0370125
0.452484 865.123 5.08152 0.0370217
0.461534 875.778 5.19641 0.037123
0.470764 886.546 5.31377 0.037328
0.48018 897.428 5.43364 0.0376365
0.489783 908.424 5.55608 0.0380563
0.499579 919.534 5.68114 0.0385938
0.50957 930.761 5.80886 0.0392588
0.519762 942.104 5.9393 0.0400398
0.530157 953.564 6.07251 0.0409889
0.54076 965.139 6.20855 0.0287496
0.551575 976.836 6.34748 0.0295054
0.562607 988.654 6.48934 0.0304076
0.573859 1000.59 6.63421 0.0314594
0.585336 1012.65 6.78213 0.032664
0.597043 1024.83 6.93317 0.0340748
0.608984 1037.14 7.08739 0.0356814
0.621163 1049.57 7.24484 0.0242108
0.633587 1062.12 7.4056 0.0254637
0.646258 1074.8 7.56973 0.0269102
0.659184 1087.61 7.73729 0.0285859
0.672367 1100.54 7.90834 0.0314476
0.685815 1113.6 8.08296 0.0337086
0.699531 1126.79 8.26121 0.0223379
0.713522 1140.11 8.44316 0.0241113
0.727792 1153.56 8.62887 0.0271802
0.742348 1167.14 8.81844 0.0296725
0.757195 1180.85 9.01193 0.0190702
0.772339 1194.7 9.20941 0.0220322
0.787785 1208.68 9.41096 0.0244255
0.803541 1222.79 9.61666 0.0271891
0.819612 1237.04 9.82659 0.0179881
0.836004 1251.42 10.0408 0.0202707
0.852724 1265.95 10.2594 0.0229405
0.869779 1280.61 10.4825 0.0273693
0.887174 1295.4 10.7101 0.0169042
0.904918 1310.34 10.9424 0.0208379
0.923016 1325.41 11.1794 0.0241522
0.941477 1340.63 11.4212 0.0155303
0.960306 1355.99 11.668 0.0182915
0.979512 1371.49 11.9197 0.0230689
0.999102 1387.13 12.1765 0.0133847
1.01908 1402.92 12.4385 0.0177728
1.03947 1418.85 12.7057 0.021414
1.06026 1434.93 12.9784 0.0132845
1.08146 1451.16 13.2565 0.0179661
1.10309 1467.53 13.5402 0.0221394
1.12515 1484.05 13.8296 0.0137814
1.14765 1500.72 14.1248 0.0190001
1.17061 1517.53 14.4259 0.0116223
1.19402 1534.5 14.7329 0.0150165
1.2179 1551.62 15.0461 0.0211233
1.24226 1568.89 15.3655 0.0130985
1.2671 1586.31 15.6912 0.0172453
1.29245 1603.88 16.0234 0.00997102
1.31829 1621.62 16.3622 0.0156291
1.34466 1639.5 16.7076 0.00896886
1.37155 1657.54 17.0599 0.0143301
1.39898 1675.74 17.4191 0.00816202
1.42696 1694.09 17.7853 0.011607
1.4555 1712.6 18.1588 0.0075578
1.48461 1731.28 18.5396 0.011128
1.51431 1750.1 18.9278 0.00531498
1.54459 1769.1 19.3236 0.0108918
1.57548 1788.25 19.7272 0.00525045
1.60699 1807.57 20.1386 0.0109258
1.63913 1827.04 20.558 0.00533578
1.67192 1846.68 20.9855 0.0112516
1.70535 1866.49 21.4214 0.00557826
1.73946 1886.46 21.8657 0.0119213
1.77425 1906.6 22.3186 0.00601012
1.80974 1926.9 22.7803 0.01299
1.84593 1947.37 23.2508 0.00665971
1.88285 1968.02 23.7305 0.0145244
1.92051 1988.83 24.2194 0.00756579
1.95892 2009.81 24.7176 0.00516357
1.99809 2030.96 25.2254 0.0118069
2.03806 2052.29 25.743 0.00628255
2.07882 2073.79 26.2705 0.00401726
2.12039 2095.46 26.808 0.00774037
2.1628 2117.31 27.3558 0.00536073
2.20606 2139.34 27.9141 0.0128318
2.25018 2161.53 28.4831 0.00712156
2.29518 2183.91 29.0628 0.0048191
2.34109 2206.47 29.6535 0.00936991
2.38791 2229.21 30.2555 0.00693641
2.43567 2252.12 30.8689 0.0046834
2.48438 2275.21 31.4939 0.00963691
2.53407 2298.5 32.1307 0.00724923
2.58475 2321.96 32.7796 0.00502641
2.63644 2345.61 33.4407 0
2.68917 2369.44 34.1142 0.00815374
2.74296 2393.46 34.8005 0.00592642
2.79781 2417.67 35.4996 0.00387119
2.85377 2442.07 36.2119 0.00977994
2.91085 2466.65 36.9376 0.00755395
2.96906 2491.43 37.6769 0.00546362
3.02844 2516.39 38.43 0
3.08901 2541.55 39.1973 0.0100819
3.15079 2566.9 39.9788 0.00798067
3.21381 2592.45 40.775 0.00599156
3.27809 2618.19 41.5861 0
3.34365 2644.13 42.4122 0
3.41052 2670.27 43.2538 0.009664
3.47873 2696.61 44.1109 0.00778072
3.54831 2723.15 44.9841 0.00600356
3.61927 2749.88 45.8735 0
3.69166 2776.82 46.7793 0
3.76549 2803.98 47.7021 0
3.8408 2831.32 48.6418 0.00956934
3.91762 2858.89 49.5991 0.00798674
3.99597 2886.64 50.5739 0.00648717
4.07589 2914.62 51.567 0
4.15741 2942.8 52.5781 0
4.24055 2971.2 53.6082 0
4.32536 2999.8 54.6571 0
4.41187 3028.63 55.7255 0
4.50011 3057.66 56.8134 0
4.59011 3086.92 57.9215 0.00926637
4.68191 3116.39 59.0498 0.00826516
4.77555 3146.08 60.1991 0.00734393
4.87106 3175.98 61.3693 0
4.96848 3206.12 62.5612 0
5.06785 3236.47 63.7748 0
5.16921 3267.06 65.0109 0
5.2726 3297.86 66.2693 0
5.37805 3328.91 67.5511 0
5.48561 3360.17 68.8561 0
5.59532 3391.67 70.1853 0
5.70723 3423.39 71.5386 0
5.82137 3455.36 72.9167 0
5.9378 3487.56 74.32 0
6.05656 3519.99 75.749 0
6.17769 3552.67 77.2041 0
6.30124 3585.58 78.6857 0
6.42726 3618.74 80.1944 0
6.55581 3652.14 81.7306 0
6.68693 3685.78 83.2948 0
6.82066 3719.68 84.8875 0
6.95708 3753.82 86.5093 0
7.09622 3788.2 88.1605 0
7.23814 3822.85 89.8421 0
7.38291 3857.75 91.5539 0
7.53057 3892.91 93.2971 0
